| id |                1.5 |                2.5 |                3.5 |                4.5 |                5.5 |
|  1 | 235.37460033325675 |  328.2812258388419 |  363.9842379062484 |  369.2649575049762 |  361.0183328039243 |
|  2 |   602.824386428245 |   856.436061133477 |  995.3549249898207 | 1037.2124279141842 | 1017.6809803231093 |
|  3 |  97.42492706774661 | 125.67248304063602 | 135.45278056594813 | 134.21020302407433 | 130.48612871781336 |
|  4 |    2303.3334814739 | 3430.6331615437457 |  4109.544419143537 |  4576.609310726911 |    4756.0289667295 |
|  5 |   339.963542799982 | 453.34332243879857 |  497.5925231135777 | 490.89495368837134 | 465.19590968086646 |
|  6 |  3184.476291704064 |  4539.001122616793 |  5385.318760015426 |   5961.41453439764 |  6236.304569841154 |
|  7 |  101.6533720752737 | 147.35846040883416 | 163.74306213962788 |  166.7921336165319 | 166.15081709847792 |
|  8 |  288.7037980742497 | 411.73624042011085 |  465.9332584402345 |  476.7254743704703 |  468.2153599706665 |
|  9 |   171.769225607307 | 242.23180780204478 |  263.8326727154396 | 265.72817066670257 |  261.5089593925413 |
| 10 | 141.37981294378838 |  180.5600754442207 | 197.13582475541813 | 203.32694891610197 | 203.16143662661247 |
| 11 | 361.85553601197654 |  505.6716514789753 |  583.0784599531961 |  597.3293226633476 |   593.949333196286 |
| 12 | 105.57246326869796 | 149.08324988967257 | 163.07783066213295 | 161.12575943683578 | 155.09908708170687 |
| 13 | 320.10354822061333 |  512.6753073869803 |  563.3510394641606 |  555.2251156584183 |  536.9929159314502 |
| 14 | 256.30584534073705 | 413.91089663240706 |  561.7171060568264 |  714.2512762403331 |  832.7833757356432 |
| 15 |   595.990957397881 |  871.5775595299373 |   990.055486465571 | 1031.6328864485433 | 1027.2517162120525 |
| 16 | 149.25608710512896 | 195.49763415831922 |  203.7495206197366 | 197.58489685212956 | 182.73687246176968 |
| 17 |   361.484984319333 |  477.8565026324226 |  533.4782110755506 |   539.783597640612 |  530.4455660339454 |
| 18 | 306.17125113656937 | 425.84542094855385 | 480.17856382584387 |   483.373222645148 |  472.3710876056211 |
| 19 | 244.80267222050753 |  336.3838992995368 | 372.85632469583055 |  372.3644567437624 | 355.94449716599803 |
| 20 | 157.61182849944296 | 211.26234804862113 | 238.31687939883574 |  238.5340302227457 | 231.42573474084827 |
| 21 |   75.2786529324456 | 103.39952106923795 | 115.11803766437811 |   116.197017083221 | 110.90227331131038 |
| 22 |  737.4956305452629 | 1089.8327060188205 |  1271.669959130184 | 1353.9619319882997 | 1370.4686233742084 |
| 23 | 101.28278267140784 | 136.53101713241819 | 148.43413301108785 | 140.64254394612067 | 134.12996972900805 |
| 24 |  198.7643555257821 |  271.6563490831668 | 311.42166129325386 |  314.5962892375147 |  302.5645883696568 |
| 25 |  670.5341237825304 |  940.0010567642075 |  1085.234096745884 |   1092.15983520296 | 1040.6197516975285 |
